name: bdayvid
channels:
  - conda-forge
  - defaults
dependencies:
  - asttokens=2.4.1=pyhd8ed1ab_0
  - bzip2=1.0.8=h2466b09_7
  - ca-certificates=2024.9.24=haa95532_0
  - colorama=0.4.6=pyhd8ed1ab_0
  - comm=0.2.2=pyhd8ed1ab_0
  - cpython=3.9.20=py39hd8ed1ab_1
  - debugpy=1.8.7=py39ha51f57c_0
  - exceptiongroup=1.2.2=pyhd8ed1ab_0
  - executing=2.1.0=pyhd8ed1ab_0
  - importlib-metadata=8.5.0=pyha770c72_0
  - ipykernel=6.29.5=pyh4bbf305_0
  - ipython=8.18.1=pyh7428d3b_3
  - jedi=0.19.1=pyhd8ed1ab_0
  - jupyter_client=8.6.3=pyhd8ed1ab_0
  - jupyter_core=5.7.2=pyh5737063_1
  - krb5=1.21.3=hdf4eb48_0
  - libffi=3.4.2=h8ffe710_5
  - libsodium=1.0.20=hc70643c_0
  - libsqlite=3.47.0=h2466b09_1
  - libzlib=1.3.1=h2466b09_2
  - matplotlib-inline=0.1.7=pyhd8ed1ab_0
  - nest-asyncio=1.6.0=pyhd8ed1ab_0
  - openssl=3.3.2=h2466b09_0
  - packaging=24.1=pyhd8ed1ab_0
  - parso=0.8.4=pyhd8ed1ab_0
  - pickleshare=0.7.5=py_1003
  - pip=24.2=py39haa95532_0
  - platformdirs=4.3.6=pyhd8ed1ab_0
  - prompt-toolkit=3.0.48=pyha770c72_0
  - psutil=6.1.0=py39ha55e580_0
  - pure_eval=0.2.3=pyhd8ed1ab_0
  - pygments=2.18.0=pyhd8ed1ab_0
  - python=3.9.20=hfaddaf0_1_cpython
  - python-dateutil=2.9.0=pyhd8ed1ab_0
  - python_abi=3.9=5_cp39
  - pywin32=307=py39ha51f57c_3
  - pyzmq=26.2.0=py39h03e5c00_3
  - setuptools=75.1.0=py39haa95532_0
  - six=1.16.0=pyh6c4a22f_0
  - sqlite=3.45.3=h2bbff1b_0
  - stack_data=0.6.2=pyhd8ed1ab_0
  - tk=8.6.13=h5226925_1
  - tornado=6.4.1=py39ha55e580_1
  - traitlets=5.14.3=pyhd8ed1ab_0
  - typing_extensions=4.12.2=pyha770c72_0
  - ucrt=10.0.22621.0=h57928b3_1
  - vc=14.40=h2eaa2aa_1
  - vc14_runtime=14.40.33810=hcc2c482_22
  - vs2015_runtime=14.40.33810=h3bf8584_22
  - wcwidth=0.2.13=pyhd8ed1ab_0
  - wheel=0.44.0=py39haa95532_0
  - xz=5.2.6=h8d14728_0
  - zeromq=4.3.5=ha9f60a1_6
  - zipp=3.20.2=pyhd8ed1ab_0
  - pip:
      - cachetools==5.5.0
      - certifi==2024.8.30
      - charset-normalizer==3.4.0
      - click==8.1.7
      - cloup==3.0.5
      - contourpy==1.3.0
      - cycler==0.12.1
      - decorator==4.4.2
      - fonttools==4.54.1
      - glcontext==3.0.0
      - google-api-core==2.22.0
      - google-api-python-client==2.149.0
      - google-auth==2.35.0
      - google-auth-httplib2==0.2.0
      - google-auth-oauthlib==1.2.1
      - googleapis-common-protos==1.65.0
      - gspread==6.1.4
      - httplib2==0.22.0
      - idna==3.10
      - imageio==2.36.0
      - imageio-ffmpeg==0.5.1
      - importlib-resources==6.4.5
      - isosurfaces==0.1.2
      - kiwisolver==1.4.7
      - manim==0.18.1
      - manimpango==0.6.0
      - mapbox-earcut==1.0.2
      - markdown-it-py==3.0.0
      - matplotlib==3.9.2
      - mdurl==0.1.2
      - moderngl==5.12.0
      - moderngl-window==2.4.6
      - moviepy==1.0.3
      - multipledispatch==1.0.0
      - networkx==3.2.1
      - numpy==1.26.4
      - oauthlib==3.2.2
      - pandas==2.2.3
      - pillow==11.0.0
      - proglog==0.1.10
      - proto-plus==1.25.0
      - protobuf==5.28.3
      - pyasn1==0.6.1
      - pyasn1-modules==0.4.1
      - pycairo==1.27.0
      - pydub==0.25.1
      - pyglet==2.0.18
      - pyparsing==3.2.0
      - pyrr==0.10.3
      - pytz==2024.2
      - requests==2.32.3
      - requests-oauthlib==2.0.0
      - rich==13.9.3
      - rsa==4.9
      - scipy==1.13.1
      - screeninfo==0.8.1
      - skia-pathops==0.8.0.post2
      - srt==3.5.3
      - svgelements==1.9.6
      - tqdm==4.66.6
      - tzdata==2024.2
      - uritemplate==4.1.1
      - urllib3==2.2.3
      - watchdog==5.0.3
prefix: C:\Users\rjn\miniconda3\envs\bdayvid
